Time	wtime	pss	rss	swap	vmem	rchar	read_bytes	wchar	write_bytes	rx_bytes	rx_packets	tx_bytes	tx_packets	stime	utime	nprocs	nthreads
1773247964	1	20337	22688	0	787612	6593	77824	88	0	0	0	0	0	0	0	1	1
1773247966	2	273097	275448	0	787612	6593	77824	88	0	0	0	0	0	1	0	1	1
1773247968	4	391938	394376	0	787612	6593	77824	88	0	0	0	0	0	1	0	1	1
1773247970	6	391938	394376	0	787612	6593	77824	88	0	0	0	0	0	1	0	1	1
1773247972	8	391938	394376	0	787612	6593	77824	88	0	90	1	90	1	1	0	1	1
1773247974	10	391938	394376	0	787612	6593	77824	88	0	90	1	90	1	1	0	1	1
1773247976	12	391938	394376	0	787612	6593	77824	88	0	90	1	90	1	1	0	1	1
1773247978	14	391938	394376	0	787612	6593	77824	88	0	174	3	174	3	1	0	1	1
1773247980	16	391938	394376	0	787612	6593	77824	88	0	174	3	174	3	1	0	1	1
1773247982	18	391938	394376	0	787612	6593	77824	88	0	174	3	174	3	1	0	1	1
1773247984	20	391924	394376	0	787612	6593	77824	88	0	174	3	174	3	1	0	1	1
1773247986	22	391924	394376	0	787612	6593	77824	88	0	174	3	174	3	1	0	1	1
1773247988	24	391938	394376	0	787612	6593	77824	88	0	174	3	174	3	1	0	1	1
1773247990	26	391938	394376	0	787612	6593	77824	88	0	174	3	174	3	1	0	1	1
1773247992	28	391938	394376	0	787612	6593	77824	88	0	174	3	174	3	1	0	1	1
1773247994	30	391938	394376	0	787612	6593	77824	88	0	174	3	174	3	1	0	1	1
1773247996	32	391938	394376	0	787612	6593	77824	88	0	174	3	174	3	1	0	1	1
